Age	Sex	Overall_Survival	Residuals
ENSG00000000003	0.041480347497094	0.222252339438777	0.124858470172125	0.611408842892004
ENSG00000000005	0.142767059928829	0.0500069980125743	0.180025192845268	0.627200749213329
ENSG00000000419	0.113795282580455	0.00130380221222901	0.0577510722722745	0.827149842935041
ENSG00000000457	0.613136653311882	0.0673472364499419	0.0562568593259076	0.263259250912268
ENSG00000000460	0.116905504164001	0.104653164387174	0.289077251548402	0.489364079900423
ENSG00000000938	0.255901369967148	0.134182193188148	0.0676194275672367	0.542297009277467
ENSG00000000971	0.221276472007233	0.0170360065401198	0.0519273682652265	0.709760153187421
ENSG00000001036	0.107055372299438	0.0864328272954469	0.0906740556793814	0.715837744725734
ENSG00000001084	0.226636343954557	0.000820604227688938	0.480553417666924	0.29198963415083
ENSG00000001167	0.284358915298919	0.100235920471459	0.210636333974764	0.404768830254859
ENSG00000001460	0.0553590477187806	0.00062059365952626	0.00656519883736356	0.937455159784329
ENSG00000001461	0.178432689802844	0.0708129831779603	0.0136034934516277	0.737150833567568
ENSG00000001497	0.207894853633338	0.00735265608865968	0.0874465974962041	0.697305892781798
ENSG00000001561	0.138083717439026	0.367974331119998	0.0702218494760331	0.423720101964942
ENSG00000001617	0.522626416673641	0.00634122839521648	0.0508311823772016	0.420201172553941
ENSG00000001626	0.236915638234211	0.071964576857916	0.155282991961307	0.535836792946567
ENSG00000001629	0.193118186129218	0.0949921632651742	0.0594169230455489	0.652472727560058
ENSG00000001630	0.386616486546246	0.000239285172642472	0.0214805568175579	0.591663671463553
ENSG00000001631	0.298597774795618	0.120783212894441	0.00718402624957666	0.573434986060364
ENSG00000002016	0.175905477085188	0.00179379476376782	0.126622993396117	0.695677734754927
ENSG00000002330	0.345575008353796	0.0489810502066028	0.0724809598560615	0.53296298158354
ENSG00000002549	0.0712715483043392	0.12272867521857	0.00905336531340145	0.796946411163689
ENSG00000002586	0.0570440553750776	0.00468306009713308	0.0696119507520911	0.868660933775698
ENSG00000002587	0.40454460310482	0.12514914507025	0.00399892219893206	0.466307329625998
ENSG00000002726	0.171985379094372	0.139062441715586	0.00698172177960856	0.681970457410434
ENSG00000002745	0.216523697413746	0.0804280805732705	0.146796726319084	0.556251495693899
ENSG00000002746	0.143306905315596	0.000943513429636313	0.00594746536346616	0.849802115891302
ENSG00000002822	0.53953061400658	0.302778925373183	0.0109950829648088	0.146695377655428
ENSG00000002834	0.257509343022127	0.00773437845333769	0.0243473237284631	0.710408954796072
ENSG00000002919	0.137298753880546	0.205120619991988	0.0306121390806283	0.626968487046837
ENSG00000002933	0.177412913419798	0.177940923592423	0.013250470261391	0.631395692726389
ENSG00000003056	0.159138124029324	0.127116864352286	0.330637325573998	0.383107686044391
ENSG00000003096	0.255655313648017	0.0189345673793353	0.249010182131464	0.476399936841183
ENSG00000003137	0.0973563733716138	0.00657224410725079	0.0994778532458418	0.796593529275294
ENSG00000003147	0.30586616187894	0.027078216144806	0.0474098620524772	0.619645759923777
ENSG00000003249	0.367939083922513	0.00120195240924613	0.0749330104780952	0.555925953190146
ENSG00000003393	0.0932062461749689	0.0279305866011997	0.301139319810083	0.577723847413748
ENSG00000003400	0.0818294690272205	0.0010971627911528	0.136542180220916	0.780531187960711
ENSG00000003402	0.273485727751766	0.131402305130941	0.265808261343447	0.329303705773847
ENSG00000003436	0.0566165984092356	0.0839798808579607	0.115659301667096	0.743744219065708
ENSG00000003509	0.326782029222583	0.0539340778243283	0.110817166981512	0.508466725971577
ENSG00000003756	0.502343561744767	0.263187167410705	0.0462249429689903	0.188244327875537
ENSG00000003987	0.148441763575305	0.114473255156012	0.0129606041354404	0.724124377133243
ENSG00000003989	0.26223279481628	0.00529551154130719	0.0705193310542274	0.661952362588186
ENSG00000004059	0.264442961374328	0.367084899436653	0.00334102919442922	0.36513110999459
ENSG00000004139	0.165015468250493	0.0462052216296946	0.0144042120204398	0.774375098099372
ENSG00000004142	0.371933928782097	0.208685327773952	0.125367748968201	0.29401299447575
ENSG00000004399	0.281674692419325	0.223841603425241	0.0601600918631195	0.434323612292314
ENSG00000004455	0.0254330263702565	0.00332754553670336	0.139586028809924	0.831653399283116
ENSG00000004468	0.501741911635793	0.000137597371500602	0.146331769242201	0.351788721750505
ENSG00000004478	0.0583208597238777	0.00623276455378663	0.00863093151044109	0.926815444211895
ENSG00000004487	0.168860143236241	0.266581710240808	0.0106028943893539	0.553955252133597
ENSG00000004534	0.242072113901011	0.53194935927973	0.0637352070159561	0.162243319803303
ENSG00000004660	0.154167560125202	0.089405008604898	0.053938922939126	0.702488508330774
ENSG00000004700	0.325877419154791	0.06681132453292	0.277453815033222	0.329857441279067
ENSG00000004766	0.327638784730685	0.0725326378618922	0.0000330010278801768	0.599795576379543
ENSG00000004776	0.22622362803411	0.138558057736109	0.117601383857392	0.517616930372389
ENSG00000004777	0.0250450328377898	0.319027875820959	0.111759246944068	0.544167844397183
ENSG00000004779	0.214490735432644	0.434241247007552	0.0687338069804809	0.282534210579322
ENSG00000004799	0.260905968089311	0.132995705040761	0.0308085392229181	0.57528978764701
ENSG00000004809	0.062462606744608	0.113346404330223	0.00128557996245908	0.82290540896271
ENSG00000004838	0.147632473281029	0.0682404369934426	0.248320859333771	0.535806230391757
ENSG00000004846	0.28573688166311	0.0454495390929345	0.0275722291750629	0.641241350068893
ENSG00000004848	0.257789800260745	0.137639919647517	0.0353599896601092	0.569210290431629
ENSG00000004864	0.346262743403835	0.19029924575139	0.103369930868505	0.36006807997627
ENSG00000004866	0.495689535339128	0.0141701863505312	0.197065808866707	0.293074469443635
ENSG00000004897	0.0743313897805972	0.0826161548898621	0.267045886201992	0.576006569127549
ENSG00000004939	0.294199930525075	0.268968932171536	0.0555370140714049	0.381294123231984
ENSG00000004948	0.118210143911233	0.393563841928854	0.117439897668806	0.370786116491107
ENSG00000004961	0.360947541678167	0.178296081845863	0.0599955594652603	0.40076081701071
ENSG00000004975	0.411235795106504	0.258022428273835	0.0313935133522188	0.299348263267442
ENSG00000005001	0.135819563802062	0.00209319419911826	0.332035471285867	0.530051770712953
ENSG00000005007	0.672065669009453	0.0254040306449647	0.0906098721293671	0.211920428216216
ENSG00000005020	0.326899993766264	0.00140645968507352	0.0157704084247665	0.655923138123896
ENSG00000005022	0.252354312627081	0.211891572163578	0.303098015866934	0.232656099342407
ENSG00000005059	0.151772500596445	0.0226015428359017	0.193068207064466	0.632557749503188
ENSG00000005073	0.257982281800489	0.0180022234886876	0.0303462501323413	0.693669244578482
ENSG00000005075	0.144573348194141	0.207144737036663	0.0182369433832977	0.630044971385899
ENSG00000005100	0.31300393427544	0.160183373292974	0.0710266295636675	0.455786062867919
ENSG00000005102	0.155290809896655	0.321971293144228	0.00499510090029171	0.517742796058826
ENSG00000005108	0.0480489936625605	0.22640440640666	0.025616326007462	0.699930273923317
ENSG00000005156	0.107604343353571	0.000362879483459499	0.000104015456327018	0.891928761706643
ENSG00000005175	0.16100243922303	0.613052577527567	0.00928688553144236	0.21665809771796
ENSG00000005187	0.324042281593464	0.0732052653684877	0.222836777860583	0.379915675177465
ENSG00000005189	0.194499516214726	0.243268659404748	0.34192925063449	0.220302573746037
ENSG00000005194	0.128226820094482	0.175310342108584	0.335006809407828	0.361456028389106
ENSG00000005206	0.0903285753737258	0.252405619719956	0.0322219788105953	0.625043826095723
ENSG00000005238	0.44874967978969	0.0139562165480744	0.0362669805062137	0.501027123156022
ENSG00000005243	0.0645205005310694	0.108924619432998	0.087998644427883	0.73855623560805
ENSG00000005249	0.201599547867962	0.232938247748004	0.0721013418361537	0.49336086254788
ENSG00000005302	0.454190020208876	0.0672073749825795	0.164277858164036	0.314324746644509
ENSG00000005339	0.634493150458656	0.203601252445313	0.0139596750620814	0.14794592203395
ENSG00000005379	0.215892814256389	0.0866836434676523	0.0207410824590122	0.676682459816947
ENSG00000005381	0.175952488009919	0.0553829070837196	0.0906120644442905	0.678052540462071
ENSG00000005421	0.15250835660653	0.00967875202694025	0.268219624345441	0.569593267021089
ENSG00000005436	0.119846378946416	0.00902638756151869	0.297206674152045	0.57392055934002
ENSG00000005448	0.418591509887029	0.0177209980849559	0.436213058307021	0.127474433720994
ENSG00000005469	0.225508612575901	0.326772811158228	0.17834452032584	0.26937405594003
ENSG00000005471	0.0644547657151059	0.559974932142014	0.0142467574310211	0.361323544711859
ENSG00000005483	0.141145763043821	0.190838621286646	0.0888290321531707	0.579186583516362
ENSG00000005486	0.610501280320803	0.111253664593498	0.0002253508537839	0.278019704231915
ENSG00000005513	0.226277117391473	0.00154090416720442	0.102425802292594	0.669756176148729
ENSG00000005700	0.210670418610334	0.0543661635648737	0.119331455847885	0.615631961976907
ENSG00000005801	0.800998212791483	0.0319187943655671	0.0383102903217757	0.128772702521175
ENSG00000005810	0.0319934638859929	0.00819875102017348	0.356104051391085	0.603703733702748
ENSG00000005812	0.301200278382417	0.0964649130473998	0.287873167872774	0.314461640697409
ENSG00000005844	0.243665072391018	0.0294786174475818	0.00704722896095885	0.719809081200442
ENSG00000005882	0.341753715329038	0.378607599222926	0.0731642661210386	0.206474419326998
ENSG00000005884	0.134537794933026	0.409083722249476	0.00258127449881991	0.453797208318678
ENSG00000005889	0.462270996626222	0.228966544722601	0.0237387455631895	0.285023713087988
ENSG00000005893	0.348603024131993	0.48910153060405	0.060857119723402	0.101438325540555
ENSG00000005961	0.151396094380331	0.0008680214666845	0.358103683563496	0.489632200589488
ENSG00000005981	0.165706885639824	0.012126593031276	0.0821643209753395	0.74000220035356
ENSG00000006007	0.394995256118465	0.197766987894566	0.00295001490799531	0.404287741078973
ENSG00000006015	0.211976786480077	0.195013719147038	0.0961409893702544	0.496868505002631
ENSG00000006016	0.0982575259303737	0.0721674093985305	0.000276296531340496	0.829298768139755
ENSG00000006025	0.187494649435532	0.521523609083775	0.0202747672066325	0.270706974274061
ENSG00000006042	0.561574454163031	0.125950262679439	0.0300630141865721	0.282412268970958
ENSG00000006047	0.389598170770097	0.319259778678115	0.0481546711248646	0.242987379426923
ENSG00000006062	0.136892647711814	0.132230629587314	0.181271717893317	0.549605004807554
ENSG00000006071	0.0611351303545125	0.107586466849914	0.0436012021625949	0.787677200632978
ENSG00000006116	0.187164555171763	0.0421444639087544	0.113202625833852	0.657488355085631
ENSG00000006118	0.10334291327841	0.333083221611031	0.0588160233198616	0.504757841790698
ENSG00000006125	0.242109218441368	0.0531871143667513	0.0148625768436349	0.689841090348246
ENSG00000006128	0.256619793815331	0.0278682858162112	0.389827929261118	0.32568399110734
ENSG00000006194	0.0202579507169625	0.0808156041124931	0.163320233698623	0.735606211471922
ENSG00000006210	0.23260967373635	0.0208935371327922	0.00396067617445893	0.742536112956399
ENSG00000006282	0.313764702844172	0.127203106835491	0.0427893318954421	0.516242858424895
ENSG00000006283	0.177530143839601	0.0279776518771719	0.0952355852757722	0.699256619007455
ENSG00000006327	0.0925991082397963	0.0117769079413013	0.0697359005912438	0.825888083227658
ENSG00000006377	0.140081022194891	0.361551932146672	0.146329056471793	0.352037989186644
ENSG00000006432	0.071112899634534	0.0000647499648401547	0.0625177845017773	0.866304565898849
ENSG00000006451	0.195873854194628	0.00983625235214192	0.303453316998568	0.490836576454661
ENSG00000006453	0.119463398957116	0.00181432592658276	0.0132530105705942	0.865469264545707
ENSG00000006459	0.315187678402014	0.141735146238483	0.0251102508489308	0.517966924510572
ENSG00000006468	0.153571300005037	0.00264934615936356	0.0390315999735282	0.804747753862071
ENSG00000006530	0.187076565925847	0.000352529425521915	0.000408407866001498	0.812162496782629
ENSG00000006534	0.225231695927133	0.0930940385800401	0.0129184182299416	0.668755847262885
ENSG00000006555	0.428703606630934	0.212699316156369	0.121210571805964	0.237386505406733
ENSG00000006576	0.868816593172173	0.00842023495685152	0.0259249570388944	0.0968382148320808
ENSG00000006606	0.147103033122396	0.0173048139965278	0.00623153138555858	0.829360621495517
ENSG00000006607	0.0817974750303805	0.00718993386538739	0.109722893336655	0.801289697767577
ENSG00000006611	0.378307674529126	0.0149620041113958	0.0426985997318609	0.564031721627618
ENSG00000006625	0.0257438294853958	0.15821055503247	0.139480513970115	0.676565101512018
ENSG00000006634	0.0989992760000552	0.100494482493366	0.0784330996666714	0.722073141839908
ENSG00000006638	0.273956662180274	0.158324864404144	0.00668088711414759	0.561037586301435
ENSG00000006652	0.323291049152364	0.0178976937038171	0.0730274796679759	0.585783777475843
ENSG00000006695	0.253493942578901	0.277093824600443	0.320682100577037	0.14873013224362
ENSG00000006704	0.201736213951733	0.122549821900506	0.196694687465417	0.479019276682344
ENSG00000006712	0.302202018919708	0.141335562245797	0.000317778237630963	0.556144640596864
ENSG00000006715	0.184602348021613	0.167474489507616	0.00164151371992254	0.646281648750849
ENSG00000006740	0.206174623215009	0.115930721683154	0.0620061190040687	0.615888536097768
ENSG00000006744	0.196534309571607	0.117026547708475	0.268400619889931	0.418038522829987
ENSG00000006747	0.0954241720166509	0.100555420920671	0.152165141352625	0.651855265710054
ENSG00000006756	0.185228751091601	0.00000862595025230483	0.0380246381156921	0.776737984842455
ENSG00000006757	0.269287766550517	0.000228103993832357	0.219601617984101	0.510882511471549
ENSG00000006831	0.226969650743562	0.26288051543291	0.000366764934929928	0.509783068888597
ENSG00000006837	0.173688470112298	0.000640848955733944	0.074300515382494	0.751370165549474
ENSG00000007001	0.733705640298949	0.000898704087503559	0.0825734800199184	0.182822175593629
ENSG00000007047	0.289538970390782	0.175768346293687	0.00010970651909682	0.534582976796435
ENSG00000007062	0.0398415700186772	0.547667893763318	0.0470737573634153	0.365416778854589
ENSG00000007080	0.0406945437771178	0.338802746913562	0.0129031301244604	0.607599579184859
ENSG00000007129	0.72435259787998	0.0627630873606849	0.0608888755510164	0.151995439208319
ENSG00000007168	0.198351367458679	0.331116739415322	0.000373894961448657	0.470157998164551
ENSG00000007171	0.251340311875799	0.0954607183712271	0.0690982305561592	0.584100739196815
ENSG00000007174	0.217015345504834	0.000195421298321978	0.0222402475300002	0.760548985666844
ENSG00000007202	0.320096402012069	0.0721542200137626	0.01364165191651	0.594107726057659
ENSG00000007237	0.166298758067143	0.192712447506223	0.0196120378139688	0.621376756612665
ENSG00000007255	0.257178186807801	0.353240887504136	0.0196265640614762	0.369954361626587
ENSG00000007264	0.151293560926548	0.0556839856297673	0.139290682841873	0.653731770601812
ENSG00000007312	0.408588004300295	0.294940108357354	0.170566838674863	0.125905048667488
ENSG00000007314	0.23644539192607	0.320764758097643	0.0119956788722624	0.430794171104024
ENSG00000007341	0.280751583793812	0.0296375113572507	0.0308570657171227	0.658753839131815
ENSG00000007350	0.938552859350341	0.00567588335199354	0.0204331800671768	0.0353380772304882
ENSG00000007372	0.217197102653384	0.404499276134043	0.00340679038728484	0.374896830825288
ENSG00000007376	0.106885827114511	0.172623563712423	0.113462481491087	0.607028127681979
ENSG00000007384	0.154328275926823	0.197634129655247	0.0799603145054984	0.568077279912432
ENSG00000007392	0.0688343282781313	0.0697672326412667	0.0320525171958064	0.829345921884796
ENSG00000007402	0.0381352021611445	0.226040935602691	0.00405827526964899	0.731765586966516
ENSG00000007516	0.109153624954964	0.131959701953164	0.0131181372583348	0.745768535833537
ENSG00000007520	0.277240996028782	0.0095763262611336	0.365224307119941	0.347958370590143
ENSG00000007541	0.134272093741379	0.000824396835331487	0.0578240443312038	0.807079465092085
ENSG00000007545	0.435010847798622	0.23892004082448	0.106002443204496	0.220066668172401
ENSG00000007866	0.202435643585204	0.149346343132152	0.0111755855073653	0.637042427775279
ENSG00000007908	0.31244324591185	0.0526673023857936	0.189602288588857	0.4452871631135
ENSG00000007923	0.141382339856843	0.109405816206872	0.00296229198744305	0.746249551948842
ENSG00000007933	0.368163628153218	0.320884218034808	0.0134972487016003	0.297454905110373
ENSG00000007944	0.240058345642879	0.0489719705866122	0.106980789090388	0.60398889468012
ENSG00000007952	0.217461081688332	0.0802439415824106	0.0821697961803886	0.620125180548869
ENSG00000007968	0.135035661799472	0.00347035641406649	0.136244520418781	0.72524946136768
ENSG00000008018	0.0813009736492184	0.0884451698695388	0.380600867178948	0.449652989302295
ENSG00000008056	0.179551629088457	0.107500019237231	0.0422560466957727	0.670692304978539
ENSG00000008083	0.323992411636869	0.193376416014579	0.142014218946366	0.340616953402186
ENSG00000008086	0.0637384422946004	0.0351400867663175	0.171231324875444	0.729890146063638
ENSG00000008118	0.248863884322987	0.164779816751709	0.0630205993408654	0.523335699584438
ENSG00000008128	0.161083501804805	0.0411145017100966	0.000394763135533138	0.797407233349565
ENSG00000008130	0.280422017281156	0.00000215001501513389	0.295155732199951	0.424420100503877
ENSG00000008196	0.54686737574045	0.00540457876658908	0.0191945473968057	0.428533498096155
ENSG00000008226	0.160063271046906	0.00152294055755424	0.0252248082782773	0.813188980117262
ENSG00000008256	0.433420565090611	0.0469339206373422	0.0224482547214739	0.497197259550573
ENSG00000008277	0.235408540424576	0.00123082124532468	0.0717781342649579	0.691582504065141
ENSG00000008282	0.285064397764585	0.200542508216705	0.045579100891125	0.468813993127585
ENSG00000008283	0.478342429818496	0.0154805994192589	0.0194871464427094	0.486689824319536
ENSG00000008294	0.296323064581278	0.508039971005673	0.100505772427932	0.0951311919851176
ENSG00000008300	0.0987545354934948	0.234191459229657	0.0451945458361584	0.62185945944069
ENSG00000008311	0.148180051238266	0.129096152187234	0.202639486310879	0.52008431026362
ENSG00000008323	0.096277435679956	0.000376358945024775	0.226083869570334	0.677262335804685
ENSG00000008324	0.165300994691554	0.271106649142315	0.177563012273547	0.386029343892584
ENSG00000008382	0.236034008959608	0.145186616308418	0.204436288974918	0.414343085757057
ENSG00000008394	0.138234586101947	0.353907601585639	0.0447841340505948	0.463073678261818
ENSG00000008405	0.266398277559317	0.000636783291123819	0.0106835942352884	0.722281344914271
ENSG00000008438	0.1399615586231	0.0139786825091735	0.0503232570330246	0.795736501834702
ENSG00000008441	0.401839706049902	0.00421585090330527	0.0000235170041405261	0.593920926042653
ENSG00000008513	0.116921077822282	0.119836398398072	0.0100675515153555	0.753174972264291
ENSG00000008516	0.523481160467899	0.130138905418963	0.0162031183278944	0.330176815785243
ENSG00000008517	0.886001486133053	0.0501254653277491	0.000184016725096937	0.0636890318141012
ENSG00000008710	0.099311065407207	0.194506591377652	0.167295703464668	0.538886639750473
ENSG00000008735	0.10704433168013	0.0240650838039733	0.109226452061422	0.759664132454475
ENSG00000008838	0.32251808530325	0.0873709674865673	0.381883905711622	0.208227041498561
ENSG00000008853	0.13695069548546	0.0698599128589967	0.0260717483749222	0.767117643280621
ENSG00000008869	0.348388103454034	0.411779723330445	0.0391028691887046	0.200729304026816
ENSG00000008952	0.252718304737458	0.0225101239299785	0.109413978490152	0.615357592842412
ENSG00000008988	0.199948408254452	0.000442545877781881	0.295694955850188	0.503914090017579
ENSG00000009307	0.106886587476523	0.0661179682839598	0.232982802081895	0.594012642157622
ENSG00000009335	0.414836518018901	0.242818318363919	0.184457370412868	0.157887793204312
ENSG00000009413	0.31222632998281	0.047211601153065	0.111796016368478	0.528766052495647
ENSG00000009694	0.132490733223672	0.0409082533731397	0.0220162572052435	0.804584756197945
ENSG00000009709	0.842274607213789	0.018422178694896	0.00888114703268115	0.130422067058634
ENSG00000009724	0.187844848853618	0.0477731160396836	0.100552177220114	0.663829857886585
ENSG00000009765	0.128773052703171	0.17255088026655	0.0472013583948593	0.651474708635419
ENSG00000009780	0.395562109854668	0.0274600386341755	0.0330808826389625	0.543896968872194
ENSG00000009790	0.709278615262975	0.00011087086198111	0.0824082679053977	0.208202245969646
ENSG00000009830	0.281976903166629	0.0939723797068222	0.0204770823793245	0.603573634747225
ENSG00000009844	0.30422680301795	0.0134735994792965	0.0719874999241231	0.610312097578631
ENSG00000009950	0.220269257241336	0.0000451039317101198	0.0986478803927642	0.681037758434189
ENSG00000009954	0.371056590195138	0.0349180890595381	0.103280117105676	0.490745203639648
ENSG00000010017	0.344071754515827	0.295288248760631	0.129860412372665	0.230779584350876
ENSG00000010030	0.423666769452745	0.0141691788290504	0.0500394240270634	0.512124627691142
ENSG00000010072	0.246280196555017	0.299943877873076	0.129928251493021	0.323847674078886
ENSG00000010165	0.0464687201325506	0.375538331369893	0.364849068610482	0.213143879887075
ENSG00000010219	0.439674075352086	0.129960035933912	0.150815599336798	0.279550289377204
ENSG00000010244	0.422508420484523	0.0979337781449625	0.0615694737642931	0.417988327606222
ENSG00000010256	0.0366922390615881	0.0815760950422778	0.0526319977106269	0.829099668185507
ENSG00000010270	0.124990495991031	0.143206514393967	0.365005082190757	0.366797907424245
ENSG00000010278	0.279881315288759	0.067542680131046	0.00181675220421711	0.650759252375977
ENSG00000010282	0.0934760626597968	0.0123164262620094	0.165201080399501	0.729006430678693
ENSG00000010292	0.0817270387731734	0.0857721663930431	0.520630831350554	0.311869963483229
ENSG00000010295	0.204378956562919	0.0257813703081847	0.0415334013159383	0.728306271812958
ENSG00000010310	0.140981382470223	0.17456745064935	0.330407208566828	0.354043958313599
ENSG00000010318	0.41435148873782	0.0894367570857955	0.288258615175831	0.207953139000553
ENSG00000010319	0.353579607189559	0.0279055174510993	0.192897453515385	0.425617421843957
ENSG00000010322	0.22351385714658	0.234179315681789	0.154718607985562	0.387588219186069
ENSG00000010327	0.441225814544101	0.0761416981981806	0.0241960253135907	0.458436461944127
ENSG00000010361	0.51346311906546	0.0812442116919759	0.0986371603630927	0.306655508879471
ENSG00000010379	0.299593673230018	0.263038840409571	0.00235968431807692	0.435007802042335
ENSG00000010404	0.149307605168832	0.100171015560395	0.0433642473229643	0.707157131947808
ENSG00000010438	0.127769673045097	0.130685664777411	0.0127321956502396	0.728812466527253
ENSG00000010539	0.454000381821896	0.049549098399619	0.0618567717033542	0.434593748075131
ENSG00000010610	0.146437096203654	0.392483924960201	0.033539437056094	0.42753954178005
ENSG00000010626	0.399971120922551	0.348010067475026	0.0000172181739089736	0.252001593428514
ENSG00000010671	0.0470827563266965	0.214966262857078	0.0220964657725032	0.715854515043723
ENSG00000010704	0.0277999506449706	0.0459409264915047	0.0000240856178422583	0.926235037245682
ENSG00000010803	0.6363008062076	0.0312738113522808	0.010917483010092	0.321507899430027
ENSG00000010810	0.375180403188805	0.0225950082564412	0.223481243893952	0.378743344660802
ENSG00000010818	0.181933073566465	0.00127924808403509	0.110606867084415	0.706180811265084
ENSG00000010932	0.13531226869191	0.00618824137288038	0.0639635683471539	0.794535921588056
ENSG00000011007	0.0387947302309558	0.17206709399325	0.146712863990607	0.642425311785187
ENSG00000011009	0.0679184191588542	0.170539541279872	0.0103121387910762	0.751229900770198
ENSG00000011021	0.0432228080697655	0.0221211994597358	0.0630935466345178	0.871562445835981
ENSG00000011028	0.0173774584893872	0.030954115382936	0.0749137523332757	0.876754673794401
ENSG00000011052	0.212442889746425	0.0000506779789777626	0.00515222268385103	0.782354209590746
ENSG00000011083	0.169635323230245	0.102722323747782	0.0595712277156154	0.668071125306358
ENSG00000011105	0.150502671211728	0.0369299718205456	0.0284552915703271	0.784112065397399
ENSG00000011114	0.429914956995859	0.0231646814929518	0.00413244828484884	0.54278791322634
ENSG00000011132	0.0919379331409123	0.323693290057971	0.0467492370061305	0.537619539794986
ENSG00000011143	0.387065966221146	0.00035492052382751	0.225140676044907	0.387438437210119
ENSG00000011198	0.414535724653058	0.0295075745926647	0.187379266570716	0.368577434183562
ENSG00000011201	0.252262498444623	0.0312815482610798	0.0334432740362877	0.68301267925801
ENSG00000011243	0.283296715183617	0.408732822407029	0.000499746584193785	0.30747071582516
ENSG00000011258	0.470928227391512	0.00699626054443027	0.052972605923638	0.46910290614042
ENSG00000011260	0.387148153443188	0.0206669054329998	0.00330918431041984	0.588875756813393
ENSG00000011275	0.156663031186624	0.051830626865966	0.095402235826486	0.696104106120924
ENSG00000011295	0.1110484492112	0.0659885141885164	0.00094676201093394	0.822016274589349
ENSG00000011304	0.130103649912394	0.322012075648231	0.0712969564693969	0.476587317969978
ENSG00000011332	0.086110066566188	0.0000254057630786843	0.0073738926177154	0.906490635053018
ENSG00000011347	0.138847667931609	0.0646499439085872	0.0781077698089914	0.718394618350812
ENSG00000011376	0.532826835980312	0.197925902189038	0.0306698991313082	0.238577362699341
ENSG00000011405	0.226540051969054	0.279447998098155	0.00101628278330136	0.492995667149489
ENSG00000011422	0.103847983443292	0.144266387272365	0.00161674085390163	0.750268888430441
ENSG00000011426	0.247434007090645	0.20586012155559	0.0000090820982236603	0.546696789255542
ENSG00000011451	0.141964667938642	0.0192385153031944	0.0474773703096446	0.791319446448519
ENSG00000011454	0.375026959817031	0.056262053930602	0.128229623487476	0.440481362764891
ENSG00000011465	0.0256948779594307	0.312910215580405	0.00943071951367066	0.651964186946493
ENSG00000011478	0.153568353332002	0.410357516711015	0.0179882657656223	0.418085864191361
ENSG00000011485	0.228058701004197	0.0370532741143162	0.136757437978195	0.598130586903293
ENSG00000011523	0.243993402650326	0.00441276225458839	0.184666524770897	0.566927310324188
ENSG00000011566	0.230084302538672	0.0271640873158628	0.551777942594924	0.190973667550541
ENSG00000011590	0.217461081688332	0.0802439415824105	0.0821697961803884	0.620125180548869
ENSG00000011600	0.258305853371169	0.458254499751471	0.00000143231555907824	0.283438214561802
ENSG00000011638	0.135607822596959	0.0383035348783636	0.410078605361191	0.416010037163486
ENSG00000011677	0.139204457169454	0.0693501328442806	0.0816335391328843	0.709811870853382
ENSG00000012048	0.239141349101341	0.0936923324139096	0.0172805171002546	0.649885801384495
ENSG00000012061	0.013217498744203	0.269089164000116	0.00670640944968446	0.710986927805996
ENSG00000012124	0.0453265809578201	0.0127343471072758	0.0468384011874327	0.895100670747471
ENSG00000012171	0.240534804966794	0.0375561667098786	0.0350139892125409	0.686895039110787
ENSG00000012174	0.37276039212714	0.457346033314158	0.00674755822969394	0.163146016329007
ENSG00000012211	0.265401127508689	0.00909825809522941	0.00218285391416467	0.723317760481917
ENSG00000012223	0.483454011149909	0.150346594835552	0.022027034756498	0.344172359258041
ENSG00000012232	0.398874165792873	0.0118249837102817	0.0240659121420086	0.565234938354837
ENSG00000012660	0.237723597752055	0.16893701844783	0.0548650959568705	0.538474287843244
ENSG00000012779	0.357809725485967	0.064899867481516	0.03316450720562	0.544125899826898
ENSG00000012817	0.00191823027799162	0.950228061296512	0.00151872341566757	0.0463349850098289
ENSG00000012822	0.129367004264626	0.0000414471849935809	0.000661655820926159	0.869929892729455
ENSG00000012963	0.453833282629622	0.277992450704988	0.141662168902583	0.126512097762807
ENSG00000012983	0.349532326815963	0.152762721488594	0.216957787049398	0.280747164646046
ENSG00000013016	0.180272352062335	0.10512534230075	0.03967752538971	0.674924780247205
ENSG00000013275	0.16723883150392	0.000000262340745188161	0.0328094985182229	0.799951407637112
ENSG00000013288	0.514645099455847	0.0557209630643551	0.0758196893576447	0.353814248122153
ENSG00000013293	0.141349228439818	0.0577422845188651	0.0385849476953732	0.762323539345944
ENSG00000013297	0.149262102826254	0.0469388109681989	0.00156123291861456	0.802237853286933
ENSG00000013306	0.344097074042129	0.00345954399934215	0.0772738825736619	0.575169499384867
ENSG00000013364	0.184089383606798	0.00361395957626341	0.0905184747506606	0.721778182066278
ENSG00000013374	0.244055396846043	0.100137611132499	0.00380082381932805	0.65200616820213
ENSG00000013375	0.980097529718638	0.00286970788339312	0.0111426392376038	0.0058901231603648
ENSG00000013392	0.178745785841779	0.0880390947746532	0.0430872230351001	0.690127896348468
ENSG00000013441	0.16771864561511	0.179382372740261	0.0278875387009373	0.625011442943692
ENSG00000013503	0.245546860046673	0.374829179899935	0.0851662920950642	0.294457667958328
ENSG00000013523	0.164769135408526	0.00422084667428932	0.517550279648939	0.313459738268246
ENSG00000013561	0.150762255304418	0.408324020331065	0.055120406525756	0.38579331783876
ENSG00000013563	0.380547912741293	0.0268177110434699	0.228869717439118	0.363764658776119
ENSG00000013573	0.324849043982989	0.0277318613662042	0.11660416877218	0.530814925878627
ENSG00000013583	0.465325293747916	0.0412745608768163	0.00210597621758388	0.491294169157684
ENSG00000013588	0.700613041040207	0.00362221807713901	0.0300289517766917	0.265735789105963
ENSG00000013619	0.0236618095017935	0.0471696916701444	0.00469701907684509	0.924471479751217
ENSG00000013725	0.34130707684134	0.223460864469345	0.161284857237689	0.273947201451626
ENSG00000013810	0.279411399210891	0.21416009765656	0.169616813201529	0.33681168993102
ENSG00000014123	0.270773619378447	0.462788736180879	0.0940822484364883	0.172355396004186
ENSG00000014138	0.278050795799704	0.0322774384111473	0.357972642519833	0.331699123269315
ENSG00000014164	0.601113525868583	0.253959105302555	0.00314378026552354	0.141783588563339
ENSG00000014216	0.301889236624163	0.124867629459467	0.0677771874248686	0.505465946491501
ENSG00000014257	0.405051076409768	0.120694028443974	0.13174007051629	0.342514824629968
ENSG00000014641	0.142228066010611	0.118991125434496	0.0292450148530335	0.709535793701859
ENSG00000014824	0.362953606360253	0.308815881636227	0.0353021784145291	0.292928333588991
ENSG00000014914	0.128966729220292	0.176179550172616	0.00783706230134933	0.687016658305743
ENSG00000014919	0.0578974787287354	0.0174945410988603	0.033721482491354	0.89088649768105
ENSG00000015133	0.432756599172375	0.132540706453497	0.0433245869261829	0.391378107447944
ENSG00000015153	0.27413683151633	0.255042904575975	0.000168861325282479	0.470651402582412
ENSG00000015171	0.0630902666650653	0.00877602366951322	0.0339673062063788	0.894166403459043
ENSG00000015285	0.285095794910936	0.341551287915957	0.00209566944716332	0.371257247725943
ENSG00000015413	0.487809837841749	0.044704168550936	0.230867138027305	0.236618855580009
ENSG00000015475	0.144559366739893	0.118096346843337	0.00752832876348629	0.729815957653284
ENSG00000015479	0.418042396560827	0.125845404755242	0.017070395933876	0.439041802750054
ENSG00000015520	0.383299001979491	0.0491296925613896	0.120556900899778	0.447014404559341
ENSG00000015532	0.0301248760254639	0.615404588401996	0.00589119602574777	0.348579339546792
ENSG00000015568	0.0808280886790855	0.0166595538800825	0.0389614068468728	0.863550950593959
ENSG00000015592	0.010008881411604	0.00435530619761967	0.151411191747368	0.834224620643409
ENSG00000015676	0.263917562110564	0.20006756840531	0.00229578020499227	0.533719089279134
ENSG00000016391	0.222544928571693	0.00287305302277357	0.161490142550892	0.613091875854642
ENSG00000016402	0.149710288557998	0.193281390461735	0.385463703121203	0.271544617859064
ENSG00000016602	0.0757869677683412	0.0768605675428839	0.00882300913273455	0.83852945555604
ENSG00000016864	0.390118492915135	0.00000273697617698954	0.0712875852220902	0.538591184886598
ENSG00000017260	0.286716540363892	0.000926898896744497	0.0169236011943243	0.69543295954504
ENSG00000017427	0.123646103177626	0.0276793911306708	0.0570929011953461	0.791581604496357
ENSG00000017483	0.571209105554162	0.0873429213094525	0.0710982641811373	0.270349708955248
ENSG00000017797	0.224733823022122	0.427695883550601	0.00100711689246714	0.34656317653481
ENSG00000018189	0.0889815007218201	0.00970502931725598	0.0455946144150406	0.855718855545883
ENSG00000018236	0.233484842004519	0.0177664353390783	0.0061209463280075	0.742627776328395
ENSG00000018280	0.351120121947114	0.109545847196288	0.121966906519862	0.417367124336735
ENSG00000018408	0.178278091467732	0.0280349883259631	0.00555745998198067	0.788129460224324
ENSG00000018510	0.272791461381258	0.173861446354846	0.325623029738512	0.227724062525384
ENSG00000018610	0.614777226996278	0.0418352860633134	0.00174614937778485	0.341641337562624
ENSG00000018625	0.300335984293411	0.102929100891264	0.227787070288525	0.3689478445268
ENSG00000018699	0.0982302166697253	0.0598170634361937	0.00562227016449614	0.836330449729585
ENSG00000018869	0.25322534388842	0.253921210680705	0.0352996838095065	0.457553761621368
ENSG00000019102	0.442982087837555	0.253105358683078	0.0000000143879571199846	0.30391253909141
ENSG00000019144	0.361500403999731	0.037572403580557	0.0318919410039994	0.569035251415713
ENSG00000019169	0.286880511698906	0.257198107906177	0.057597274619975	0.398324105774942
ENSG00000019186	0.291592564722208	0.00161352010083976	0.0239696770553483	0.682824238121604
ENSG00000019485	0.417055074197463	0.182344779253243	0.0021003876206155	0.398499758928678
ENSG00000019505	0.136773503186488	0.149592778337229	0.0251604626781502	0.688473255798133
ENSG00000019549	0.0162421900718928	0.069610916204969	0.0319070439964953	0.882239849726643
ENSG00000019582	0.0935101761235174	0.0689926770128933	0.0764307095885456	0.761066437275044
ENSG00000019991	0.134991633903787	0.104271345566025	0.2288588281608	0.531878192369388
ENSG00000019995	0.104713709453872	0.126366052176351	0.00279373828463403	0.766126500085143
ENSG00000020129	0.132459849052348	0.087723874766327	0.0543985316910214	0.725417744490303
ENSG00000020181	0.103580050136792	0.0585424048155125	0.0963837793507301	0.741493765696965
ENSG00000020219	0.83427989721586	0.0684091288972146	0.0414502650832828	0.0558607088036427
ENSG00000020256	0.441147166712324	0.00166572564841965	0.00143985671210419	0.555747250927152
ENSG00000020426	0.648766360099231	0.071859080540296	0.0518232683970437	0.227551290963429
ENSG00000020577	0.584607080291808	0.0315679203334677	0.00908005007641454	0.374744949298309
ENSG00000020633	0.25950919135913	0.462520485891673	0.0306932849843899	0.247277037764807
ENSG00000020922	0.27582335584213	0.331309311324488	0.17354424922882	0.219323083604563
ENSG00000021300	0.134005027566283	0.00370469717449801	0.0155054249569928	0.846784850302226
ENSG00000021355	0.294360646807559	0.27223120207759	0.0279813148554389	0.405426836259412
ENSG00000021461	0.187381525017328	0.00201061762386097	0.0032525783529202	0.807355279005891
ENSG00000021488	0.105035560210047	0.103007432069303	0.0897828368685527	0.702174170852098
ENSG00000021574	0.253745078730156	0.0315540423561265	0.0394059247943918	0.675294954119325
ENSG00000021645	0.12896820081689	0.00223101665384805	0.0451097768734943	0.823691005655768
ENSG00000021762	0.0354905004874962	0.637375645216282	0.0298185595595765	0.297315294736645
ENSG00000021776	0.569985818187846	0.309554260323296	0.0124237666553308	0.108036154833527
ENSG00000021826	0.0778566766385776	0.0410720917493742	0.801655517615755	0.0794157139962929
ENSG00000022267	0.0342206080188654	0.382555489531932	0.115207538314723	0.46801636413448
ENSG00000022277	0.341932202037071	0.0166134097234575	0.221912927414946	0.419541460824525
ENSG00000022355	0.152107129921196	0.0658570112955734	0.0162994760979418	0.765736382685289
ENSG00000022556	0.0862375686467745	0.043088996109696	0.118519919693416	0.752153515550114
ENSG00000022567	0.527137190610986	0.0303800343807134	0.00492261841646839	0.437560156591832
ENSG00000022840	0.148411030670783	0.0554764272304126	0.00220611282260329	0.793906429276201
ENSG00000022976	0.133265962653055	0.109891097422316	0.27695111894277	0.479891820981859
ENSG00000023041	0.0624460694298179	0.00771154544149141	0.139432372127372	0.790410013001319
ENSG00000023171	0.124496352819485	0.0250629859281264	0.131729803987801	0.718710857264588
ENSG00000023191	0.247351478021666	0.0126817661644551	0.0307016972472448	0.709265058566634
ENSG00000023228	0.430581485024075	0.403099557223216	0.0254051227798227	0.140913834972886
ENSG00000023287	0.316681609399484	0.1944532411127	0.0291830906971965	0.459682058790619
ENSG00000023318	0.307846276404885	0.0650879376514949	0.0799946280142481	0.547071157929372
ENSG00000023330	0.374858553906837	0.0672007471148819	0.240841557264248	0.317099141714033
ENSG00000023445	0.121030789987602	0.030045865210141	0.0152933718375178	0.833629972964739
ENSG00000023516	0.148402597109999	0.114427207389156	0.0487441040436105	0.688426091457235
ENSG00000023572	0.12498001089518	0.357218399046716	0.00534264688661435	0.51245894317149
ENSG00000023608	0.312076251704487	0.191838144624299	0.00185633407351017	0.494229269597704
ENSG00000023697	0.124437640542874	0.057803282811805	0.0149237390871541	0.802835337558167
ENSG00000023734	0.0365321839915026	0.227948691684809	0.040718473879856	0.694800650443832
ENSG00000023839	0.289949620141142	0.0374548015648424	0.056514595063122	0.616080983230894
ENSG00000023892	0.188707005994455	0.0999286362381137	0.0158766478850927	0.695487709882339
ENSG00000023902	0.115409460339361	0.365474470698994	0.093648570421545	0.4254674985401
ENSG00000023909	0.13404383893924	0.319338489229041	0.10297335386902	0.443644317962699
ENSG00000024048	0.104804267668974	0.136568750529009	0.114044573931108	0.644582407870909
ENSG00000024422	0.0416554887170628	0.309993197609596	0.0940656270746893	0.554285686598651
ENSG00000024526	0.153785253524214	0.152619346197478	0.236745781560169	0.456849618718139
ENSG00000024862	0.24813710370724	0.0411828901010512	0.00614351144630486	0.704536494745404
ENSG00000025039	0.450716781126486	0.245486009391317	0.0369620713876996	0.266835138094497
ENSG00000025156	0.476915041384875	0.106728968673793	0.000112158302473364	0.416243831638858
ENSG00000025293	0.227253017689409	0.0879081700842965	0.073323550017702	0.611515262208593
ENSG00000025423	0.370005529014443	0.110580815865525	0.00209490520772539	0.517318749912307
ENSG00000025434	0.338398222377544	0.0223818804686708	0.0819265492048618	0.557293347948924
ENSG00000025708	0.134105012987319	0.234081998460896	0.0001422444719378	0.631670744079846
ENSG00000025770	0.296375377918046	0.474029148983646	0.0313815853725996	0.198213887725709
ENSG00000025772	0.159757176565252	0.32351313117385	0.189027260595748	0.32770243166515
ENSG00000025796	0.28041011928524	0.152162567738397	0.288636034723839	0.278791278252524
ENSG00000025800	0.419093531463672	0.083128885648276	0.00958030152767703	0.488197281360375
ENSG00000026025	0.0726523230165075	0.0440815330050303	0.18793569021836	0.695330453760102
ENSG00000026036	0.0544875480768377	0.0265650418703596	0.304391040300611	0.614556369752191
ENSG00000026103	0.177182993984155	0.000528993090121474	0.000100493150613008	0.82218751977511
ENSG00000026297	0.154225888901087	0.220917573503779	0.0119741401707737	0.61288239742436
ENSG00000026508	0.0834625174142346	0.184912517393383	0.207556686782116	0.524068278410266
ENSG00000026559	0.309765203356229	0.504897782185976	0.0721624984004264	0.113174516057369
ENSG00000026652	0.215871736912282	0.057203728107093	0.127810302783525	0.5991142321971
