Age	Overall_Survival	Sex	Residuals
ENSG00000000003	0.159391575727143	0.497023235946661	0.000328685613753867	0.343256502712442
ENSG00000000005	0.250950405458146	0.00156112227345659	0.0626617134762434	0.684826758792154
ENSG00000000419	0.105199538366878	0.00128239655311723	0.100828179072626	0.792689886007379
ENSG00000000457	0.344031751079266	0.0155194057324322	0.219855643032324	0.420593200155977
ENSG00000000460	0.14251260887801	0.027061059937217	0.120258576642288	0.710167754542484
ENSG00000000938	0.174531860434113	0.0000994280852214011	0.0310156979080387	0.794353013572627
ENSG00000000971	0.488974048687297	0.0569447314179178	0.0519731830527447	0.40210803684204
ENSG00000001036	0.530125167772537	0.152044438999672	0.112732233408339	0.205098159819451
ENSG00000001084	0.292810115566168	0.394922471121467	0.184843927609842	0.127423485702523
ENSG00000001167	0.142096705453372	0.0731740663180872	0.181004108173993	0.603725120054548
ENSG00000001460	0.14131905414848	0.0574158062162581	0.110390308122965	0.690874831512296
ENSG00000001461	0.0314636180903194	0.770805888096379	0.0663391079519984	0.131391385861303
ENSG00000001497	0.397716330716503	0.0929255798716718	0.316921467372536	0.19243662203929
ENSG00000001561	0.297327149033707	0.093897751725933	0.0652429219470505	0.54353217729331
ENSG00000001617	0.409768430795878	0.0842568545276251	0.157461140109063	0.348513574567434
ENSG00000001626	0.670815171183005	0.0587081824415279	0.0800133544965241	0.190463291878943
ENSG00000001629	0.1909838475881	0.221596468943349	0.347986357530881	0.239433325937669
ENSG00000001630	0.0567213683575929	0.00290394626972508	0.043995350035718	0.896379335336964
ENSG00000001631	0.114988357145963	0.229900505964533	0.00865734160705772	0.646453795282446
ENSG00000002016	0.336230233530093	0.529331193603331	0.0160791362772945	0.118359436589281
ENSG00000002079	0.130449317340064	0.317822130957934	0.223468685829797	0.328259865872206
ENSG00000002330	0.167675517561956	0.0611014570098912	0.00114386546640096	0.770079159961752
ENSG00000002549	0.481883270539649	0.16839841109763	0.0973271547833342	0.252391163579387
ENSG00000002586	0.242540475494186	0.352913811673832	0.0894779318047068	0.315067781027276
ENSG00000002587	0.0441246746187387	0.0066155376223232	0.567085016746854	0.382174771012085
ENSG00000002726	0.241735660675703	0.077556426044577	0.133597907813083	0.547110005466636
ENSG00000002745	0.499031589666201	0.0746500130425331	0.0572869212572603	0.369031476034006
ENSG00000002746	0.160682467923165	0.200711978245777	0.0294393886774098	0.609166165153648
ENSG00000002822	0.169039061899214	0.465386478622996	0.195798773515949	0.169775685961842
ENSG00000002834	0.445059418712737	0.0905147091395818	0.152284672817516	0.312141199330165
ENSG00000002919	0.376140097178909	0.0623104610403307	0.386729175363701	0.174820266417059
ENSG00000002933	0.291308051204118	0.0320643400608817	0.0461464779795739	0.630481130755426
ENSG00000003056	0.659699399969095	0.0112118428949241	0.0260767170706563	0.303012040065325
ENSG00000003096	0.47353444612761	0.0196320370066988	0.0153923884159618	0.491441128449729
ENSG00000003137	0.61286643563666	0.0762574579826989	0.0000118993406825658	0.310864207039958
ENSG00000003147	0.363940101289375	0.0269684245018766	0.0366828322385033	0.572408641970245
ENSG00000003249	0.257268365387446	0.014462162804308	0.0706821485953647	0.657587323212882
ENSG00000003393	0.415246533687004	0.0154856138523082	0.00126933058587842	0.567998521874809
ENSG00000003400	0.0999721320773996	0.360041058941703	0.000101971723621207	0.539884837257276
ENSG00000003402	0.0492951775378477	0.00716123489372316	0.0861005927415004	0.857442994826929
ENSG00000003436	0.402442110146321	0.186513344719941	0.0863543570998725	0.324690188033866
ENSG00000003509	0.199241028423284	0.0225737001363006	0.00552798938189449	0.772657282058521
ENSG00000003756	0.136784282720844	0.268914040623351	0.211828488153297	0.382473188502509
ENSG00000003987	0.185051560206049	0.488992953395322	0.00862504714646737	0.317330439252162
ENSG00000003989	0.624336886681037	0.0300837344682028	0.00574821676755803	0.339831162083203
ENSG00000004059	0.237258623357997	0.0992579976981757	0.00461269720101747	0.65887068174281
ENSG00000004139	0.0862290340112621	0.6075481385929	0.15737477984367	0.148848047552167
ENSG00000004142	0.222570547164912	0.0000648811836988994	0.0808009849931555	0.696563586658233
ENSG00000004399	0.119596352260601	0.0300098614347843	0.16629688485682	0.684096901447795
ENSG00000004455	0.280735853129976	0.394552636780294	0.000634814699262416	0.324076695390468
ENSG00000004468	0.435534315024475	0.0357137549005489	0.284698487000719	0.244053443074257
ENSG00000004478	0.150040186430804	0.00277408158411418	0.171771727029992	0.67541400495509
ENSG00000004487	0.0922874699505941	0.283760089744128	0.00892807955867729	0.6150243607466
ENSG00000004534	0.447885226567889	0.0106336048704306	0.000112062143147754	0.541369106418533
ENSG00000004660	0.362902332036633	0.140797083149035	0.0324578940666787	0.463842690747654
ENSG00000004700	0.248445221765026	0.00534776603913782	0.211931240488145	0.534275771707691
ENSG00000004766	0.126087316104295	0.0545910281833931	0.0251229471671986	0.794198708545114
ENSG00000004776	0.592326451907997	0.00134244294453735	0.0975612884117141	0.308769816735752
ENSG00000004777	0.430772609732913	0.0343060897258835	0.0129193064881813	0.522001994053022
ENSG00000004779	0.412044260001419	0.070007062177428	0.0939410540533576	0.424007623767795
ENSG00000004799	0.188470541559147	0.270275906339796	0.0672861917088536	0.473967360392204
ENSG00000004809	0.250950405458146	0.00156112227345661	0.0626617134762435	0.684826758792154
ENSG00000004838	0.304911236994674	0.00836916747412507	0.163632853006527	0.523086742524674
ENSG00000004846	0.276807856372037	0.196659115756152	0.00295620650565781	0.523576821366153
ENSG00000004848	0.0762716797032679	0.165830271085346	0.0166827027010186	0.741215346510368
ENSG00000004864	0.303226048883799	0.271117865861372	0.165034007259665	0.260622077995164
ENSG00000004866	0.230323547287722	0.00062574324804397	0.250734044523093	0.518316664941141
ENSG00000004897	0.227907817778078	0.204232119161591	0.0000797142601587944	0.567780348800172
ENSG00000004939	0.17031292363713	0.00475694292904046	0.0862529729076219	0.738677160526208
ENSG00000004948	0.639582502838772	0.036864047950172	0.0635016326929948	0.260051816518061
ENSG00000004961	0.034293561886912	0.133539150183605	0.199066789678417	0.633100498251066
ENSG00000004975	0.252856084867574	0.0295115533242915	0.00707360601103512	0.710558755797099
ENSG00000005007	0.187449330783904	0.00185792650968567	0.0227004808064476	0.787992261899963
ENSG00000005020	0.694047286567557	0.0423267240702019	0.204531335933822	0.0590946534284188
ENSG00000005022	0.232821878883418	0.209027942001567	0.196686442963384	0.361463736151631
ENSG00000005059	0.0772826207640091	0.282635736654679	0.0573418422369176	0.582739800344395
ENSG00000005073	0.306253553832593	0.220330975238621	0.0123806372718231	0.461034833656964
ENSG00000005075	0.0855724245927697	0.334083944627001	0.0224119427324899	0.55793168804774
ENSG00000005100	0.0832346895634268	0.28603789843736	0.19257402654658	0.438153385452633
ENSG00000005102	0.404228057644881	0.173653878253949	0.0996115508714769	0.322506513229693
ENSG00000005108	0.120749025235465	0.26741524726978	0.286807299545231	0.325028427949524
ENSG00000005156	0.227519936300488	0.233679544778343	0.121127042249905	0.417673476671265
ENSG00000005175	0.151975077339689	0.02498486379987	0.0138616266242987	0.809178432236143
ENSG00000005187	0.410096232162695	0.0384661703853336	0.00992947415629516	0.541508123295676
ENSG00000005189	0.315497655615018	0.220814553074764	0.11680884303402	0.346878948276197
ENSG00000005194	0.348903235280411	0.163038489222208	0.0811761644103214	0.40688211108706
ENSG00000005206	0.276040990613529	0.446125971057	0.113595247393196	0.164237790936274
ENSG00000005238	0.0099489987170012	0.0153206338829789	0.0668669625059045	0.907863404894115
ENSG00000005243	0.0536053276023809	0.166144122811879	0.0993004131502276	0.680950136435512
ENSG00000005249	0.131962869299461	0.0291816180221846	0.0369479020365116	0.801907610641843
ENSG00000005302	0.6203074269329	0.0246510744619713	0.0125506786395099	0.342490819965619
ENSG00000005339	0.200070446122688	0.00129049152185357	0.00216334354978866	0.79647571880567
ENSG00000005379	0.312014055129532	0.0856472804226395	0.0849790099929504	0.517359654454879
ENSG00000005381	0.0894480704990981	0.208465883362427	0.141456264608162	0.560629781530314
ENSG00000005421	0.489866109045466	0.149127510876508	0.0533278078888029	0.307678572189223
ENSG00000005436	0.0765317923709466	0.0568900307091463	0.201307671758026	0.665270505161881
ENSG00000005448	0.0206383561218102	0.849794291921615	0.0444404376894853	0.0851269142670895
ENSG00000005469	0.424607325768435	0.158964869323886	0.092172849786124	0.324254955121555
ENSG00000005471	0.189344415023631	0.134373765523742	0.0697886631495112	0.606493156303116
ENSG00000005483	0.100996659647647	0.281467348886297	0.15214918703357	0.465386804432486
ENSG00000005486	0.421105926905666	0.0783111245210261	0.126412625271905	0.374170323301403
ENSG00000005513	0.350649849285839	0.23721367644219	0.156040688137957	0.256095786134014
ENSG00000005700	0.378601947310448	0.00921314936456709	0.014654013778194	0.597530889546791
ENSG00000005801	0.0602077604288514	0.172703285741079	0.034781920133462	0.732307033696608
ENSG00000005810	0.173451469588686	0.183082204184016	0.013188488542151	0.630277837685147
ENSG00000005812	0.36432518494006	0.110288694523966	0.00000203032944678978	0.525384090206528
ENSG00000005844	0.170768070256925	0.459825498998222	0.110327493768492	0.259078936976361
ENSG00000005882	0.538983699528147	0.0716312481346735	0.00683300943996227	0.382552042897217
ENSG00000005884	0.447874481126561	0.138393262112338	0.0026244255608488	0.411107831200253
ENSG00000005889	0.227742788732741	0.288249482828491	0.186729614927731	0.297278113511037
ENSG00000005893	0.254927248136779	0.141856141349382	0.0598333034350884	0.543383307078751
ENSG00000005961	0.238939391498694	0.31566222147981	0.126201947902227	0.319196439119269
ENSG00000005981	0.149660654243846	0.459160640898634	0.102855979086139	0.288322725771381
ENSG00000006007	0.262976205782432	0.39095346873402	0.095791092882799	0.250279232600749
ENSG00000006015	0.394910461725067	0.201377648685861	0.132749806042813	0.270962083546259
ENSG00000006016	0.6193284990376	0.11927799685786	0.000341034199450587	0.261052469905089
ENSG00000006025	0.332271224257557	0.0145395343575088	0.0802746394730899	0.572914601911844
ENSG00000006042	0.193439409128708	0.0450688391807038	0.240810278377839	0.520681473312749
ENSG00000006047	0.0666081742843131	0.267403235169421	0.0157131655076819	0.650275425038584
ENSG00000006062	0.233775083518669	0.40754160523628	0.0990168453672728	0.259666465877778
ENSG00000006071	0.380209343530661	0.00000000809723707875252	0.144915845186963	0.474874803185139
ENSG00000006116	0.328736317019548	0.147972454813143	0.0587968690527215	0.464494359114587
ENSG00000006118	0.499128199878593	0.00850176768362861	0.129189946893399	0.363180085544379
ENSG00000006125	0.654155812157241	0.00222326770802044	0.0384302340368078	0.30519068609793
ENSG00000006128	0.685875817348436	0.000760040627298748	0.0189793182251684	0.294384823799097
ENSG00000006194	0.150033764023202	0.242774725698432	0.00167469622706837	0.605516814051298
ENSG00000006210	0.622475083583293	0.00932855033634012	0.0921068020956361	0.276089563984731
ENSG00000006282	0.275584845963036	0.180467341200892	0.279747911882792	0.26419990095328
ENSG00000006283	0.0904954198333983	0.206899337670401	0.268014417225718	0.434590825270483
ENSG00000006327	0.357460667579255	0.0748520515778052	0.20969334630242	0.35799393454052
ENSG00000006377	0.0173667200578682	0.168414788092015	0.0173566681435628	0.796861823706554
ENSG00000006432	0.258796979652633	0.00848801285553085	0.304245573515809	0.428469433976027
ENSG00000006451	0.248034237750098	0.280061003204127	0.0853058104235413	0.386598948622234
ENSG00000006453	0.166612314399766	0.0924298375683545	0.00495962643648415	0.735998221595396
ENSG00000006459	0.16147363877042	0.030211914551499	0.153294278498611	0.65502016817947
ENSG00000006468	0.148523088679004	0.446083455535265	0.0411162356030378	0.364277220182693
ENSG00000006530	0.175736249336711	0.43254300568473	0.013019685964582	0.378701059013977
ENSG00000006534	0.00581657356378035	0.224819100977429	0.0650782603845567	0.704286065074234
ENSG00000006555	0.277934897585823	0.147488298166839	0.0711922211331795	0.503384583114159
ENSG00000006576	0.370099655681488	0.000158152924583481	0.082914081707496	0.546828109686432
ENSG00000006606	0.867167841273182	0.037993677695134	0.007025458153686	0.0878130228779983
ENSG00000006607	0.287691847637867	0.00154207964821389	0.0859104586782965	0.624855614035622
ENSG00000006611	0.247032184382447	0.381935878144677	0.107000948541366	0.26403098893151
ENSG00000006625	0.474897482032897	0.00798304970204409	0.0489068729932726	0.468212595271786
ENSG00000006634	0.0328244858022783	0.201988664675882	0.00455442925952186	0.760632420262318
ENSG00000006638	0.294130692331961	0.138573411349218	0.11931792679379	0.447977969525031
ENSG00000006652	0.0713219736975633	0.142903528331884	0.000217209083166813	0.785557288887386
ENSG00000006695	0.0330997971877045	0.00579874460163136	0.0271753888325836	0.93392606937808
ENSG00000006704	0.122112908345572	0.449235828539473	0.13355517187756	0.295096091237394
ENSG00000006712	0.232128866686907	0.177622619419221	0.000677833036214972	0.589570680857657
ENSG00000006715	0.065405907848601	0.23092269366669	0.31900242724295	0.384668971241758
ENSG00000006740	0.160626485641119	0.196476299039697	0.0215167764107369	0.621380438908447
ENSG00000006744	0.0831785218681129	0.117765082517972	0.0654587499098622	0.733597645704053
ENSG00000006747	0.451475354079997	0.22190691757751	0.017149337965646	0.309468390376848
ENSG00000006756	0.101280744246133	0.314895737819117	0.195007819294675	0.388815698640075
ENSG00000006757	0.100632630494631	0.0807196282806339	0.0484773057910834	0.770170435433652
ENSG00000006788	0.250950405458146	0.00156112227345659	0.0626617134762435	0.684826758792154
ENSG00000006831	0.161433481008143	0.487336906080184	0.0749654209647081	0.276264191946964
ENSG00000006837	0.432126444860972	0.00872450196292466	0.171691183171993	0.387457870004111
ENSG00000007001	0.318557664310384	0.184645635254436	0.230057740764494	0.266738959670686
ENSG00000007038	0.130161995371561	0.157984057598354	0.111082540498843	0.600771406531242
ENSG00000007047	0.362903358798233	0.192079401686837	0.0592205636348997	0.38579667588003
ENSG00000007062	0.195385434225337	0.244264885813951	0.247274362466074	0.313075317494638
ENSG00000007080	0.0220696859688674	0.043063329810842	0.0387141267706584	0.896152857449632
ENSG00000007129	0.116517593495868	0.00000311646418161422	0.238830532483773	0.644648757556178
ENSG00000007168	0.217446137899458	0.118694263270286	0.0378215243439461	0.626038074486311
ENSG00000007171	0.284634641061242	0.106705179277276	0.244417533765296	0.364242645896186
ENSG00000007174	0.458271592074173	0.0013034468236869	0.147729667748515	0.392695293353624
ENSG00000007202	0.102341860345586	0.403989639758179	0.166946609734241	0.326721890161994
ENSG00000007237	0.0816734934073667	0.236796310019667	0.00141557305191744	0.680114623521049
ENSG00000007255	0.668733285840244	0.0585593108311136	0.048801618428532	0.223905784900111
ENSG00000007264	0.419972022471632	0.321024596099559	0.0423224498129596	0.216680931615849
ENSG00000007312	0.52612160120684	0.135237614445848	0.0461541011847767	0.292486683162535
ENSG00000007314	0.792506964257634	0.0604794684101954	0.0346923069314465	0.112321260400724
ENSG00000007341	0.21175945068512	0.0157643838170908	0.00525079595894366	0.767225369538846
ENSG00000007350	0.965663331986492	0.0115991441302124	0.0016756267815071	0.0210618971017889
ENSG00000007372	0.323580494265829	0.602893877940542	0.0157143279496211	0.057811299844008
ENSG00000007376	0.022299114883725	0.00774676983595172	0.0883201928583453	0.881633922421978
ENSG00000007384	0.0495224396608645	0.668870276928147	0.118829101424978	0.162778181986011
ENSG00000007392	0.160087183706767	0.48910710966432	0.0815968696378828	0.26920883699103
ENSG00000007402	0.289329097661469	0.340779028360153	0.121116649623648	0.248775224354729
ENSG00000007516	0.188899598712792	0.179687018109113	0.00489485025170541	0.626518532926389
ENSG00000007520	0.0816118121136308	0.218494986894643	0.196028169197253	0.503865031794473
ENSG00000007541	0.177536614125443	0.00605481348114091	0.299479890817282	0.516928681576135
ENSG00000007545	0.0985210946777106	0.399656010572081	0.176865159036097	0.324957735714112
ENSG00000007866	0.215056211230471	0.485877283631687	0.0442879073837131	0.254778597754129
ENSG00000007908	0.409927273781581	0.110397833890565	0.00506815454320999	0.474606737784645
ENSG00000007923	0.277355478711596	0.0187609297832485	0.0557550986027872	0.648128492902368
ENSG00000007933	0.0731700820385845	0.110813912421815	0.44613904039647	0.36987696514313
ENSG00000007944	0.406029051248404	0.0679049831393616	0.00455809007674164	0.521507875535492
ENSG00000007968	0.106119262438737	0.400653560728516	0.0355361919404253	0.457690984892321
ENSG00000008018	0.223683579352087	0.0222994989802041	0.134711529929728	0.619305391737981
ENSG00000008056	0.249797612693109	0.217591733119457	0.00105272453375611	0.531557929653678
ENSG00000008083	0.117000988766071	0.320972458385354	0.106662101715407	0.455364451133169
ENSG00000008086	0.318717475560206	0.102477961665466	0.123126757914484	0.455677804859844
ENSG00000008118	0.536817632094269	0.0625414345407733	0.140740885287447	0.259900048077511
ENSG00000008128	0.318219717551037	0.249235652178108	0.153857618141589	0.278687012129266
ENSG00000008130	0.352212543760309	0.316894812161377	0.007537214781166	0.323355429297148
ENSG00000008196	0.213503894441824	0.280209923912849	0.195405803937024	0.310880377708303
ENSG00000008226	0.278593127872935	0.0092643739449504	0.353929609683713	0.358212888498402
ENSG00000008256	0.300831505441818	0.051690046120525	0.00784734883746558	0.639631099600192
ENSG00000008277	0.244984741496835	0.000234724353848503	0.0661405538664121	0.688639980282904
ENSG00000008282	0.147303422637515	0.00305032506486441	0.158532001967112	0.691114250330509
ENSG00000008283	0.53888670251674	0.0578476573049296	0.0495620769575507	0.35370356322078
ENSG00000008294	0.235258663269485	0.00267449954781289	0.0196167774696511	0.742450059713052
ENSG00000008300	0.216008846187416	0.219281898967234	0.0560076523004971	0.508701602544853
ENSG00000008311	0.278802287086886	0.0509920893197565	0.00526124734485289	0.664944376248504
ENSG00000008323	0.686369626151157	0.00106595193789979	0.21535971446961	0.097204707441333
ENSG00000008324	0.477135133595045	0.147837636957609	0.0229487217427039	0.352078507704642
ENSG00000008382	0.593703127526986	0.171517396100441	0.0299470083798726	0.2048324679927
ENSG00000008394	0.284998507354566	0.00631707711405811	0.0860158919272846	0.622668523604091
ENSG00000008405	0.121042960872364	0.0766652065944203	0.00294641227754742	0.799345420255668
ENSG00000008441	0.500728912007636	0.0229835993884354	0.0405374891189574	0.435749999484972
ENSG00000008513	0.431147891286021	0.0358641372407551	0.00682871168953367	0.52615925978369
ENSG00000008516	0.0665009409175271	0.0258191808195668	0.00386127740711536	0.903818600855791
ENSG00000008517	0.0975024137288398	0.030936554772668	0.0158803603405958	0.855680671157896
ENSG00000008710	0.235596775736204	0.202508516901442	0.134080395477854	0.4278143118845
ENSG00000008735	0.253338319256503	0.342202352826224	0.022337717207542	0.382121610709731
ENSG00000008838	0.131420656975913	0.0536639457431875	0.00454861395194464	0.810366783328955
ENSG00000008853	0.440442495514907	0.160199219251621	0.100577944143529	0.298780341089944
ENSG00000008869	0.305221763168264	0.00943336154963652	0.00121448444797931	0.684130390834121
ENSG00000008952	0.166802386611368	0.41563646989573	0.175211782877213	0.242349360615689
ENSG00000008988	0.464682235258642	0.024333499567946	0.19395111655383	0.317033148619582
ENSG00000009307	0.364243167696008	0.105738793588836	0.124280964751765	0.405737073963391
ENSG00000009335	0.154727186319754	0.0103787852391237	0.00000513956444158689	0.83488888887668
ENSG00000009413	0.132258381897841	0.00284797252840632	0.20788306549463	0.657010580079123
ENSG00000009694	0.162695584452955	0.477397650866948	0.243255556645164	0.116651208034933
ENSG00000009709	0.318445267949882	0.000853697645906359	0.0447080193243137	0.635993015079898
ENSG00000009724	0.0900718693675945	0.517445559325654	0.123359937206134	0.269122634100618
ENSG00000009765	0.179918636580684	0.022372372967983	0.224489473550137	0.573219516901197
ENSG00000009780	0.275645497960647	0.00461979799746797	0.0088015491191042	0.710933154922781
ENSG00000009790	0.38702318493082	0.0572412735355119	0.00329142064783803	0.55244412088583
ENSG00000009830	0.343797252748627	0.0148179114503209	0.020939543537868	0.620445292263184
ENSG00000009844	0.210376075420959	0.0568468838809439	0.111071033060498	0.621706007637599
ENSG00000009950	0.30590684132288	0.328323639183936	0.0182280022373615	0.347541517255822
ENSG00000009954	0.232292426264601	0.248702682920308	0.000854346299544504	0.518150544515546
ENSG00000010017	0.329483514991294	0.0971706127802799	0.124269983911612	0.449075888316814
ENSG00000010030	0.170191310876653	0.191573486459438	0.000069976123474058	0.638165226540435
ENSG00000010072	0.334352125566201	0.188828440017886	0.00122007001990001	0.475599364396013
ENSG00000010165	0.317742394802094	0.350786515239744	0.0287131848410455	0.302757905117116
ENSG00000010219	0.387698399981071	0.00267548340846609	0.299864741016658	0.309761375593805
ENSG00000010244	0.228591325327034	0.255422031089857	0.0618227527467499	0.45416389083636
ENSG00000010256	0.393504002595531	0.030597113701876	0.0783918480039938	0.497507035698599
ENSG00000010270	0.597986983404074	0.0466592441882295	0.0944552150639006	0.260898557343796
ENSG00000010278	0.162385682429764	0.0921343161536712	0.0371183947204447	0.70836160669612
ENSG00000010282	0.0773343571458205	0.413978897122403	0.102757813656402	0.405928932075374
ENSG00000010292	0.269119949607316	0.00830815907467494	0.0382260632287232	0.684345828089286
ENSG00000010295	0.422134258662754	0.109962253798504	0.144223865651716	0.323679621887025
ENSG00000010310	0.196007834411883	0.0101676646305891	0.00297809199532542	0.790846408962202
ENSG00000010318	0.182675247286141	0.00000273052726538062	0.0347858889996949	0.782536133186898
ENSG00000010319	0.593805417840538	0.102462756087337	0.0987876170143894	0.204944209057735
ENSG00000010322	0.0982642891310271	0.327560082402239	0.101080961274462	0.473094667192272
ENSG00000010327	0.19977768544322	0.0542952649956478	0.00354667886854533	0.742380370692586
ENSG00000010361	0.129996216417032	0.408713795717702	0.281829387580708	0.179460600284558
ENSG00000010379	0.219210377652795	0.326593133270323	0.00518916976917262	0.449007319307709
ENSG00000010404	0.396599576127715	0.3065459591001	0.00625143677522456	0.290603027996961
ENSG00000010438	0.295359295012806	0.0000343364656649624	0.26223649002383	0.442369878497699
ENSG00000010539	0.182312729278853	0.388633708801438	0.165939517955302	0.263114043964407
ENSG00000010610	0.410761892117875	0.254936903908701	0.00220717494234622	0.332094029031078
ENSG00000010626	0.169056569754654	0.10367631717051	0.0248715180226749	0.70239559505216
ENSG00000010671	0.146316130411554	0.22857783535729	0.0856599673073826	0.539446066923774
ENSG00000010704	0.219786647524282	0.000279708431654572	0.00859311360230601	0.771340530441758
ENSG00000010803	0.0917980329484803	0.364916431079292	0.331318446176269	0.211967089795959
ENSG00000010810	0.172545701461769	0.463284955769473	0.120092689346434	0.244076653422324
ENSG00000010818	0.601243881864003	0.132711479273081	0.000119977988168236	0.265924660874747
ENSG00000010932	0.598593413736192	0.113374508642404	0.0680258945970971	0.220006183024307
ENSG00000011007	0.33722158799721	0.137895496197624	0.00883676813067256	0.516046147674494
ENSG00000011009	0.355711489920083	0.292600847907978	0.0757806726876055	0.275906989484334
ENSG00000011021	0.612135531405377	0.000284930753132843	0.134919583395852	0.252659954445637
ENSG00000011028	0.173463403683957	0.741062035825525	0.0243680444041401	0.0611065160863778
ENSG00000011052	0.423695063471468	0.0505149106381505	0.147971095975061	0.377818929915321
ENSG00000011083	0.290684891920436	0.268324740650621	0.0269799193426302	0.414010448086313
ENSG00000011105	0.418451580171837	0.218916187709464	0.0741665939390251	0.288465638179674
ENSG00000011114	0.124556724589775	0.397249554963829	0.115183580812463	0.363010139633933
ENSG00000011132	0.0753573172141366	0.433844425054312	0.234781278051724	0.256016979679828
ENSG00000011143	0.242828382956713	0.396359164912909	0.280371525592457	0.0804409265379201
ENSG00000011198	0.478570031423396	0.0194685154043211	0.202771675035808	0.299189778136475
ENSG00000011201	0.345377493494149	0.0411057707641892	0.186803285200397	0.426713450541265
ENSG00000011243	0.555736955900999	0.131449031797677	0.0017339235912317	0.311080088710093
ENSG00000011258	0.0571425961365132	0.581903849073963	0.0189946415704628	0.341958913219061
ENSG00000011260	0.211487245060879	0.100380539275957	0.0282636249280626	0.659868590735101
ENSG00000011275	0.395956251550625	0.271821091551618	0.130118501254529	0.202104155643227
ENSG00000011295	0.242805940861011	0.395119464075639	0.200847016409477	0.161227578653873
ENSG00000011304	0.11668318245157	0.60736476796743	0.044107306172926	0.231844743408074
ENSG00000011332	0.384267722833368	0.0431657800094189	0.143765150682705	0.428801346474508
ENSG00000011347	0.21388218783383	0.327375674007753	0.00370216332035891	0.455039974838058
ENSG00000011376	0.134138650810347	0.00239200042244627	0.0139239412729647	0.849545407494242
ENSG00000011405	0.560928297695764	0.0690736065449541	0.00260736076879183	0.36739073499049
ENSG00000011422	0.116033374185083	0.11498118602523	0.0583856651903575	0.71059977459933
ENSG00000011426	0.30422553100903	0.337382779085586	0.00831799972479834	0.350073690180586
ENSG00000011451	0.0805993749195178	0.352009969076305	0.0023899241404529	0.565000731863724
ENSG00000011454	0.11014009674961	0.306137061393085	0.0334226856500606	0.550300156207245
ENSG00000011465	0.670438498096229	0.0856560665253269	0.0520250771698612	0.191880358208583
ENSG00000011478	0.0320674157844833	0.616147155756191	0.168334307405957	0.183451121053369
ENSG00000011485	0.0806012886460337	0.342096294528528	0.276628491593886	0.300673925231553
ENSG00000011523	0.0483110395562281	0.155165766461383	0.159502559830298	0.63702063415209
ENSG00000011566	0.197229132518523	0.0612294366057235	0.0344702372391646	0.707071193636589
ENSG00000011590	0.141702425873978	0.0840074276088742	0.139031489360762	0.635258657156385
ENSG00000011600	0.0771691037211977	0.254695511775025	0.0928159889235884	0.575319395580189
ENSG00000011638	0.00934670880374537	0.368184752961766	0.0183584726248393	0.604110065609649
ENSG00000011677	0.424657768564408	0.00417919124800972	0.047950455160739	0.523212585026843
ENSG00000012048	0.119597739740709	0.0251421299825784	0.0713258882197313	0.783934242056981
ENSG00000012061	0.0603582407588288	0.0859149871619489	0.0439424330854868	0.809784338993735
ENSG00000012124	0.296419903869104	0.554870775208706	0.0171007997789703	0.13160852114322
ENSG00000012171	0.344459460962467	0.395352663257709	0.0506000930540441	0.20958778272578
ENSG00000012174	0.131854512659599	0.02521356280904	0.00395631494819651	0.838975609583165
ENSG00000012211	0.178073305508712	0.686265676801238	0.0517082753667305	0.0839527423233199
ENSG00000012223	0.632000606696296	0.0800151312522092	0.116704435355112	0.171279826696383
ENSG00000012232	0.639350534591693	0.122461711678713	0.00357984299312977	0.234607910736464
ENSG00000012660	0.0493618697618461	0.140925007094257	0.218154706085939	0.591558417057957
ENSG00000012779	0.307949412549285	0.167989055045314	0.0775804270499447	0.446481105355457
ENSG00000012817	0.048035803283821	0.0875089923163573	0.783654198469633	0.080801005930189
ENSG00000012822	0.00433778461920769	0.244509751639458	0.334765783778912	0.416386679962422
ENSG00000012963	0.0575198906305913	0.0839828517130242	0.193267445258406	0.665229812397979
ENSG00000012983	0.445479335041669	0.0155902877857981	0.0030350322975014	0.535895344875032
ENSG00000013016	0.448109747149936	0.060014287428087	0.0152512646183838	0.476624700803593
ENSG00000013275	0.161295417583194	0.389058895332058	0.249924620447827	0.199721066636921
ENSG00000013288	0.577936368958828	0.0046405517181296	0.00593653199362348	0.411486547329419
ENSG00000013293	0.416265946478882	0.358556944658722	0.00199415877001916	0.223182950092376
ENSG00000013297	0.10673569651933	0.288449439549242	0.027130506693496	0.577684357237932
ENSG00000013306	0.0911470753370273	0.00923179316416731	0.000890761366496382	0.898730370132309
ENSG00000013364	0.150395306901577	0.00172830421006828	0.000254958754314212	0.84762143013404
ENSG00000013374	0.235633165320206	0.25054067540945	0.0405261822307187	0.473299977039625
ENSG00000013375	0.530645991794212	0.0841302211543555	0.0479391149599372	0.337284672091495
ENSG00000013392	0.134296365572734	0.000064907889754444	0.0886614850755059	0.776977241462005
ENSG00000013441	0.260887425970023	0.226679815176679	0.0316396059934877	0.48079315285981
ENSG00000013503	0.207193027015195	0.0234752694764322	0.220343748230236	0.548987955278136
ENSG00000013523	0.229155203762632	0.0506053965979829	0.180269898100324	0.539969501539061
ENSG00000013561	0.24393240970337	0.00685708349873639	0.0459580743820151	0.703252432415879
ENSG00000013563	0.381571644455453	0.246310381377342	0.0486078537779684	0.323510120389237
ENSG00000013573	0.26916497765853	0.317395629776406	0.00861570406977304	0.40482368849529
ENSG00000013583	0.0779177273575792	0.0259909013271982	0.0330661832642824	0.86302518805094
ENSG00000013588	0.254740903385723	0.119332826911367	0.00890186415624747	0.617024405546662
ENSG00000013619	0.258143469236199	0.0229316405816049	0.171076154549863	0.547848735632333
ENSG00000013725	0.145511493129622	0.195902560650025	0.0759055076368581	0.582680438583495
ENSG00000013810	0.106555180879119	0.571633675223564	0.0177982769437816	0.304012866953535
ENSG00000014123	0.275072250601595	0.0139534293055033	0.0120263170099602	0.698948003082942
ENSG00000014138	0.312635611735164	0.366697085491066	0.00863760863052453	0.312029694143246
ENSG00000014164	0.365552517569371	0.0415372124677362	0.0174353916490358	0.575474878313857
ENSG00000014216	0.175609198522293	0.00832148313883779	0.0292998855213908	0.786769432817479
ENSG00000014257	0.73628352678052	0.0843322585790515	0.0151144338436655	0.164269780796763
ENSG00000014641	0.411255730589721	0.0204094219114772	0.00479795803175116	0.563536889467051
ENSG00000014824	0.0866446340398097	0.036512970135197	0.147016284692937	0.729826111132056
ENSG00000014914	0.301065926179075	0.435441851713082	0.00792334865714131	0.255568873450702
ENSG00000014919	0.451950381724202	0.00326890003377689	0.089264887279419	0.455515830962602
ENSG00000015133	0.067312973131119	0.0000204732634771372	0.0999877497098981	0.832678803895506
ENSG00000015153	0.0703906628512463	0.120650452184195	0.0549127245925044	0.754046160372055
ENSG00000015171	0.218283053733009	0.729612664932205	0.00106380527720536	0.0510404760575811
ENSG00000015285	0.0906767232787671	0.400377907216361	0.00758439580839263	0.501360973696479
ENSG00000015413	0.657641844767344	0.00409805489255814	0.0397406034525212	0.298519496887576
ENSG00000015475	0.223091251163728	0.0575854799263205	0.174550014728062	0.54477325418189
ENSG00000015479	0.161773273912191	0.223064603107577	0.21948528882336	0.395676834156871
ENSG00000015520	0.166659866775173	0.43121095096395	0.163420156499868	0.23870902576101
ENSG00000015532	0.127331441101331	0.156833818026308	0.11419974784061	0.601634993031751
ENSG00000015568	0.439942693099817	0.00605998573082832	0.206809554665607	0.347187766503748
ENSG00000015592	0.148128712523732	0.325361413701224	0.0841968869013403	0.442312986873704
ENSG00000015676	0.297000561589304	0.0236176435669554	0.0889514985996607	0.59043029624408
ENSG00000016082	0.290460698702764	0.0484383710503608	0.207067859600425	0.45403307064645
ENSG00000016391	0.164658402783103	0.00000765849301849874	0.0204945766101972	0.814839362113681
ENSG00000016402	0.124289494637485	0.156823793037215	0.109564323575176	0.609322388750123
ENSG00000016602	0.0267158769782106	0.237966257676248	0.000430905537730618	0.734886959807811
ENSG00000016864	0.208589884758501	0.389738420281454	0.00361417469854153	0.398057520261504
ENSG00000017260	0.176111989418999	0.00616119449991138	0.103495219135636	0.714231596945454
ENSG00000017427	0.341930818143665	0.0233103166287841	0.0326812983963184	0.602077566831233
ENSG00000017483	0.2684272649042	0.181230707491326	0.0924143869185216	0.457927640685952
ENSG00000017797	0.333901153748471	0.000581308996311103	0.284286624574588	0.38123091268063
ENSG00000018189	0.153970148508546	0.000744070346740469	0.620439884814833	0.224845896329881
ENSG00000018236	0.258849711280183	0.187276504230977	0.0468566010591743	0.507017183429665
ENSG00000018280	0.106668107581229	0.0389511436186425	0.00454714676058703	0.849833602039542
ENSG00000018408	0.339381937884947	0.282829178075566	0.122585750485071	0.255203133554415
ENSG00000018510	0.181753179705897	0.000395096332111009	0.0556517179446415	0.76220000601735
ENSG00000018610	0.167378334189254	0.164586756234036	0.105728823876296	0.562306085700414
ENSG00000018625	0.43880691487697	0.221418854274722	0.0854457196805396	0.254328511167769
ENSG00000018699	0.575276765488103	0.0895546288953084	0.0876766682898233	0.247491937326766
ENSG00000018869	0.286226706120277	0.0208275312234382	0.135671144252594	0.557274618403691
ENSG00000019102	0.379240122310113	0.0540099054874651	0.265983931454088	0.300766040748333
ENSG00000019144	0.246711972398724	0.183371035719006	0.0486146970704026	0.521302294811868
ENSG00000019169	0.011458766305741	0.0232167574153619	0.0345635345392357	0.930760941739662
ENSG00000019186	0.166371987766564	0.0581251064061538	0.00676101146481787	0.768741894362464
ENSG00000019485	0.144775303251532	0.238994015448364	0.0429527489239281	0.573277932376176
ENSG00000019505	0.559830163117013	0.0313030670864857	0.00546813368476553	0.403398636111736
ENSG00000019549	0.406926053613728	0.190093586311058	0.0992837691749357	0.303696590900278
ENSG00000019582	0.462284722997916	0.247265228986941	0.00181880872928727	0.288631239285855
ENSG00000019991	0.453467701260004	0.0662139435795275	0.13869513881099	0.341623216349478
ENSG00000019995	0.364429586139171	0.278202314911728	0.0000964452068082328	0.357271653742293
ENSG00000020129	0.334485946985654	0.277055946309281	0.000692564516388283	0.387765542188677
ENSG00000020181	0.740606396322853	0.0216201331005542	0.025042542467379	0.212730928109214
ENSG00000020219	0.111617419082069	0.324705219147837	0.228308357213323	0.335369004556772
ENSG00000020256	0.100507043939556	0.221357991227706	0.147443932820239	0.530691032012499
ENSG00000020426	0.24823389838917	0.282733688168354	0.105218673458474	0.363813739984001
ENSG00000020577	0.230124017393435	0.132836964531097	0.0595936685839651	0.577445349491503
ENSG00000020633	0.707430648805622	0.0104870826928803	0.062400448517465	0.219681819984033
ENSG00000020922	0.311768140749323	0.328380958463819	0.0646936373008355	0.295157263486023
ENSG00000021300	0.177646309067124	0.641557516727585	0.0508208216841799	0.129975352521111
ENSG00000021355	0.321454306132811	0.114208582875515	0.0103462959246751	0.553990815066999
ENSG00000021461	0.689815849152083	0.00484398916975762	0.0651476612453964	0.240192500432763
ENSG00000021488	0.209458983659403	0.527943836197984	0.0786403305290901	0.183956849613523
ENSG00000021574	0.252330567283083	0.00206893493179254	0.000480267957083761	0.74512022982804
ENSG00000021645	0.129970136953658	0.118211102423102	0.0548102927924829	0.697008467830757
ENSG00000021762	0.273886561358553	0.000231692166982728	0.00124333829121628	0.724638408183248
ENSG00000021776	0.413001239211175	0.223117193920192	0.0180472435403421	0.345834323328291
ENSG00000021826	0.21643797493829	0.000115278421607691	0.127739794821656	0.655706951818446
ENSG00000022267	0.120021582109599	0.00522395195965803	0.331987966043749	0.542766499886994
ENSG00000022277	0.325424331115695	0.0382202674749777	0.0250527037946416	0.611302697614685
ENSG00000022355	0.462554810040546	0.134272404722084	0.0269354301878546	0.376237355049516
ENSG00000022556	0.55144217417119	0.0437673654702488	0.0681703253994132	0.336620134959148
ENSG00000022567	0.432045492180421	0.0577450553960115	0.0958416662136055	0.414367786209963
ENSG00000022840	0.468896103898969	0.000442881327085588	0.00870210974410955	0.521958905029836
ENSG00000022976	0.128325262585964	0.0544857601512807	0.00633722483627791	0.810851752426477
ENSG00000023041	0.404655295338057	0.0775820564458106	0.150616654856972	0.367145993359161
ENSG00000023171	0.568607915962428	0.15555627140254	0.0289217745425362	0.246914038092496
ENSG00000023191	0.0821807598454208	0.0140569308335286	0.00179825025617018	0.901964059064881
ENSG00000023228	0.836438905994299	0.00558622299626215	0.0373539414761262	0.120620929533312
ENSG00000023287	0.372637152711585	0.299202188950076	0.00645049843666827	0.321710159901671
ENSG00000023318	0.0167306173617493	0.100435191244391	0.0498619705112523	0.832972220882608
ENSG00000023330	0.0701029797786411	0.343018391747257	0.242321252982584	0.344557375491518
ENSG00000023445	0.423724424603143	0.0137622778973046	0.00826317814136958	0.554250119358183
ENSG00000023516	0.155722650643773	0.340437037187276	0.0501830953605274	0.453657216808424
ENSG00000023572	0.395045863121943	0.00113982418099839	0.0562428507332344	0.547571461963825
ENSG00000023608	0.0925387999671873	0.524222239869859	0.0243061661673538	0.3589327939956
ENSG00000023697	0.0444636373504027	0.115666198975807	0.0718707020960763	0.767999461577714
ENSG00000023734	0.423727403339666	0.110315591669762	0.00000422622311331656	0.465952778767459
ENSG00000023839	0.500633933715868	0.000704606534421602	0.0217293019549528	0.476932157794758
ENSG00000023892	0.309895709137156	0.007208805920281	0.337480843437182	0.345414641505381
ENSG00000023902	0.19652370756108	0.156294295966222	0.161998507042313	0.485183489430385
ENSG00000023909	0.576261139918746	0.0264686589969916	0.0678134841459268	0.329456716938336
ENSG00000024048	0.0353486347367223	0.0172795543526779	0.0627673360420853	0.884604474868514
ENSG00000024422	0.179137590969612	0.548743456703028	0.0595844469789665	0.212534505348393
ENSG00000024526	0.105441557062603	0.0136168636985473	0.00777080760343674	0.873170771635413
ENSG00000024862	0.208504902137194	0.0371880610867403	0.109116320330571	0.645190716445494
ENSG00000025039	0.174486889003821	0.000366983954437678	0.00576581881515677	0.819380308226585
ENSG00000025156	0.378856636295287	0.0529657241174466	0.0326882350530678	0.535489404534198
ENSG00000025293	0.133333003137919	0.198090367150282	0.471085445167825	0.197491184543974
ENSG00000025423	0.230045203641667	0.0900434800527453	0.0248701969747587	0.655041119330829
ENSG00000025434	0.486234131902693	0.113946284966625	0.0623045945757147	0.337514988554967
ENSG00000025708	0.0520756681697244	0.1249165344716	0.00000117608237945372	0.823006621276296
ENSG00000025770	0.0668201114789015	0.628547899202236	0.208327528824559	0.0963044604943041
ENSG00000025772	0.331273311176301	0.0149245949788997	0.037389674072757	0.616412419772042
ENSG00000025796	0.478305933976072	0.147551136676597	0.000445442457095749	0.373697486890235
ENSG00000025800	0.359882013546677	0.169810833457814	0.136521903941015	0.333785249054494
ENSG00000026025	0.357468888634659	0.274145698361752	0.0104974645191625	0.357887948484427
ENSG00000026036	0.0739235396138469	0.129652651210199	0.11582799338257	0.680595815793384
ENSG00000026103	0.469222433600469	0.012043338176053	0.0121827223758631	0.506551505847615
ENSG00000026297	0.300987136938493	0.300473810584057	0.00333409352591532	0.395204958951534
ENSG00000026508	0.363106374703716	0.306613317148965	0.018229271288164	0.312051036859156
ENSG00000026559	0.206509072531676	0.108197318621701	0.00479457776552418	0.680499031081099
